Prediction score [Random Forest]:
0.7069767441860465
              precision    recall  f1-score   support

           2       0.50      0.39      0.44        33
           3       0.73      0.84      0.78       120
           4       0.75      0.91      0.83       173
           6       0.75      0.75      0.75        12
           8       0.43      0.12      0.19        25
           9       1.00      0.09      0.17        11
          11       0.75      0.21      0.33        14
          12       0.57      0.17      0.26        24
          15       0.50      0.67      0.57        18

    accuracy                           0.71       430
   macro avg       0.66      0.46      0.48       430
weighted avg       0.69      0.71      0.67       430